最准确的一次:
Pose save already,Begin to calculate pose...
[[-0.09429027 -0.99553     0.00206308  0.00423494]
 [-0.99465981  0.09429241  0.04195865  0.00310195]
 [-0.04196669  0.00190423 -0.99910454  0.21643704]
 [ 0.          0.          0.          1.        ]]

 Ori is:
[ 3.13968672  0.04197902 -1.66531039]

 xyz is:
[[0.00423494 0.00310195 0.21643704]]

第二次测试:
[[-5.14074653e-02 -9.98578189e-01  1.40127362e-02  2.57899855e-03]
 [-9.98656529e-01  5.14927439e-02  5.79898261e-03 -3.21287907e-04]
 [-6.51230822e-03 -1.36957995e-02 -9.99883739e-01  2.22323821e-01]
 [ 0.00000000e+00  0.00000000e+00  0.00000000e+00  1.00000000e+00]]

 Ori is:
[-3.12789612  0.00651235 -1.62222755]

 xyz is:
[[ 0.002579   -0.00032129  0.22232382]]


我的xyz:
array([[0.00289978, 0.00046581, 0.2226638 ]]